const	1.0	1.1	1.2	1.3	1.4	1.5	1.6	1.7	1.8
a1	0.7749	0.7148	0.6473	0.5794	0.5374	0.4291	0.3200	0.2143	0.1209	
a2	-1.0170	-1.1381	-1.2541	-1.3572	-1.4250	-1.5417	-1.6677	-1.8137	-1.9973	
a3	0.3424	0.3315	0.2973	0.2440	0.1421	0.0890	0.0459	0.0299	0.0307	
b1	-0.0551	-0.1484	-0.1026	-0.1981	-0.1695	-0.4515	-0.2851	-0.2368	-0.0637	
b2	0.5530	0.8988	0.6228	1.0982	0.9569	2.2932	1.3978	1.0478	0.2404	
b3	-1.6274	-1.9398	-1.3366	-2.1250	-1.9021	-3.9744	-2.1642	-1.2715	0.0352	
b4	2.2994	2.1392	1.4780	1.8162	1.4605	2.4179	0.6622	-0.3035	-1.1707	
b5	0.1312	0.3638	0.6518	0.6983	0.8765	0.7907	1.2727	1.4685	1.5749	
c1	0	0	0	0	0	0	-0.0428	-0.0855	-0.2948	
c2	0	0	0	0	0	0	0.3045	0.6214	1.7942	
c3	-0.0043	-0.0256	-0.1413	-0.2214	-0.3584	-0.3831	-0.5825	-1.1764	-3.4048	
c4	0.2696	0.3680	0.5786	0.7685	1.0178	1.3265	1.7790	2.6044	4.2976	
c5	0.0127	0.0092	-0.0090	-0.0171	-0.0228	-0.0354	-0.0507	-0.0789	-0.1570	
